4294967294,0
4294967278,113
4294967278,111
4294967278,110
4294967278,109
4294967278,107
4294967278,95
4294967278,94
4294967278,93
4294967278,91
4294967278,85
4294967278,83
4294967278,81
4294967278,80
4294967278,78
4294967278,74
4294967278,72
4294967278,67
4294967278,66
4294967278,65
4294967278,64
4294967278,61
4294967278,284
4294967279,412
4294967278,267
4294967278,288
4294967278,282
0,5
4294967294,7
4294967293,131
4294967293,130
4294967293,129
4294967293,128
4294967293,127
4294967293,126
4294967293,125
4294967293,124
4294967293,123
4294967293,122
4294967293,121
4294967293,120
4294967293,119
4294967293,118
4294967293,117
4294967293,116
4294967293,115
4294967293,114
4294967293,113
4294967293,112
4294967293,111
4294967293,110
4294967293,109
4294967293,108
4294967293,107
4294967293,106
4294967293,105
4294967293,104
4294967293,103
4294967293,102
4294967293,101
4294967293,100
4294967293,99
4294967293,98
4294967293,97
4294967293,96
4294967293,95
4294967293,94
4294967293,93
4294967293,92
4294967293,91
4294967293,90
4294967293,89
4294967293,87
4294967293,86
4294967293,85
4294967293,84
4294967293,83
4294967293,82
4294967293,81
4294967293,80
4294967293,79
4294967293,78
4294967293,77
4294967293,76
4294967293,75
4294967293,74
4294967293,73
4294967293,72
4294967293,71
4294967293,70
4294967293,69
4294967293,68
4294967293,67
4294967293,66
4294967293,65
4294967293,64
4294967293,63
4294967293,62
4294967293,61
4294967293,60
4294967293,59
4294967293,58
4294967293,57
4294967293,56
4294967293,55
4294967293,54
4294967293,53
4294967293,52
4294967293,51
4294967293,50
4294967293,49
4294967293,48
4294967293,47
4294967293,46
4294967293,45
4294967293,44
4294967293,43
4294967293,42
4294967293,41
4294967293,40
4294967293,39
4294967293,38
4294967293,37
4294967293,36
4294967293,35
4294967293,34
4294967293,33
4294967293,32
4294967293,31
4294967293,30
4294967293,29
4294967293,28
4294967293,27
4294967293,26
4294967293,25
4294967293,24
4294967293,23
4294967293,22
4294967293,21
4294967293,20
4294967293,19
4294967293,18
4294967293,17
4294967293,16
4294967293,15
4294967293,14
4294967293,13
4294967293,12
4294967293,11
4294967293,10
4294967293,9
4294967293,8
4294967293,7
4294967293,6
4294967293,5
4294967293,4
4294967293,3
4294967278,300
4294967278,55
4294967278,52
4294967278,340
4294967278,339
4294967278,338
4294967278,336
4294967278,334
4294967278,331
4294967279,400
4294967279,0
4294967279,399
4294967279,91
4294967279,86
4294967279,84
4294967279,83
4294967279,82
4294967279,81
4294967279,80
4294967279,79
4294967279,78
4294967279,77
4294967279,76
4294967279,75
4294967279,74
4294967279,70
4294967279,68
4294967279,67
4294967279,66
4294967279,65
4294967279,63
4294967279,62
4294967279,60
4294967279,407
4294967279,43
4294967279,406
4294967279,405
4294967279,401
4294967278,281
4294967294,6
4294967294,25
4294967294,27
4294967294,83
4294967294,68
4294967294,5
4294967279,261
4294967279,255
4294967279,246
4294967279,238
4294967279,237
4294967279,235
4294967279,233
4294967279,219
4294967279,214
4294967279,213
4294967279,208
4294967279,204
4294967279,203
4294967279,202
4294967279,201
4294967279,194
4294967278,186
4294967279,187
4294967279,186
4294967279,181
4294967279,173
4294967279,172
4294967278,170
4294967279,171
4294967278,383
4294967278,299
4294967278,155
4294967278,342
4294967279,149
4294967294,67
4294967279,402
4294967278,145
4294967278,144
4294967279,143
4294967278,337
4294967278,141
4294967278,140
4294967278,139
4294967279,445
4294967294,401
4294967279,392
4294967278,333
4294967279,398
4294967278,270
73,5
73,4
73,3
73,2
73,1
4294967278,268
4294967278,266
4294967278,382
4294967279,282
4294967279,444
4294967278,289
4294967279,280
71,5
71,4
71,3
71,2
71,1
4294967278,322
4294967278,381
4294967279,384
4294967279,133
4294967279,254
4294967278,250
4294967279,251
4294967279,248
4294967278,245
4294967279,244
69,6
69,5
4294967279,242
69,4
69,3
69,2
69,1
4294967279,240
4294967278,233
4294967278,231
4294967279,231
4294967278,229
4294967279,229
4294967278,227
4294967279,227
4294967279,225
4294967279,223
4294967279,221
4294967279,217
4294967279,277
4294967278,214
4294967279,215
4294967279,212
4294967279,211
4294967279,210
4294967279,209
4294967278,207
4294967278,206
4294967279,207
66,6
66,5
4294967279,206
66,4
66,3
66,2
66,1
4294967278,314
4294967279,90
4294967279,317
4294967278,313
4294967279,89
4294967279,316
4294967278,312
4294967279,443
4294967279,87
4294967279,200
4294967294,1244
4294967294,1087
4294967279,85
4294967279,199
4294967278,197
4294967279,198
4294967279,197
4294967279,196
4294967279,195
4294967279,193
4294967278,380
4294967279,192
4294967279,191
4294967279,190
63,4
63,3
63,2
63,1
4294967279,189
4294967279,188
4294967279,73
4294967279,72
4294967279,309
4294967278,379
4294967279,185
4294967279,442
4294967279,71
4294967279,184
4294967279,69
4294967279,183
4294967278,378
4294967279,182
4294967279,178
4294967279,180
62,5
62,4
4294967279,179
62,3
62,2
62,1
4294967279,441
4294967279,64
4294967279,61
